function [xs,ws]=hqsuppquad08(inode)
%
%       This subroutine returns to the user special-purpose
%       quadratures. The quadrature number k (k=1,2,...,8) integrates
%       functions of the form
%       
%       f(x)=phi(x)+psi(x)*log(|x-x_k|)+1/(x-x_k)+1/(x-x_k)^2,   (1)
%       
%       with phi and psi polynomials of order 16, and x_k one of the
%       Gaussian nodes on the interval [-1,1] (in a 8-point quadrature)
%
%       approximate accuracy of the quadratures:
%
%       smooth, smooth x log - 15 digits ( 34 in extended precision )
%       hilbert - 14 digits ( 33 in extended precision calculations )
%       hypersingular - 11 digits ( 30 in extended precision calculations )
%
%       Input parameters: 
%
%       inode - the node number of 8-point Legendre quadrature
%
%       Output parameters:
%
%       xs - the nodes of the quadrature
%       ws - the weights of the quadrature
%
%       In this routine, all auxiliary quadratures have 18-points
%       
%

xs1 = [
       -9.9657549578423781848019650164982767E-01,
       -9.8472056519865356065837374799084603E-01,
       -9.7113560951488252658017725814300907E-01,
       -9.6233321481947379929946373968788258E-01,
       -9.5904731023473636807118955932949112E-01,
       -9.5712368449942262055164650183434367E-01,
       -9.1948121112891768312630490482890993E-01,
       -8.4164771149042426463391161807881093E-01,
       -7.1982941042620461693662977354307761E-01,
       -5.5387032386338748339361052786510653E-01,
       -3.4852781312002145644366994681790601E-01,
       -1.1381870380435172615566964421114650E-01,
        1.3559147669805182176043641258350859E-01,
        3.8176438439158360754071844958938599E-01,
        6.0545329569585527289348479483058417E-01,
        7.8851672726839275572623528076988951E-01,
        9.1691813749703857308775644143982972E-01,
        9.8502017293496221929967712732911752E-01];
ws1 = [
        8.4088277108412413108394618266043298E-03,
        1.3984009266807627802949040502166280E-02,
        1.1797366097525438915907035385482241E-02,
        3.7632078418297743506384945246536949E-03,
       -5.2027233441180461745695229153896803E-03,
        2.2720168400591742723198306799610298E-02,
        5.6853517082138703344437570272779204E-02,
        9.9445815702346987790763294316732217E-02,
        1.4424240803931572894162803666510088E-01,
        1.8688795241562515752701782727310366E-01,
        2.2211701287515352475365147838579012E-01,
        2.4483359287169279447567319085092862E-01,
        2.5096389458769937286010818272536529E-01,
        2.3813398823977743145359329251916053E-01,
        2.0617229957959773845249910543704507E-01,
        1.5754478417520013068494674705905599E-01,
        9.8225362001123720651880833583550996E-02,
        3.9108516456850930134837624788260267E-02];

xs2 = [
       -9.9200494197071057653569657399537281E-01,
       -9.6059140069556817659310755067260292E-01,
       -9.1371874242143214915481748716580105E-01,
       -8.6374862559460940503997293316961067E-01,
       -8.2271613050640717578645447821082852E-01,
       -7.9916760942427744882610569281482093E-01,
       -7.9786818392494817083057810445600214E-01,
       -7.8684512152303019994521091662716163E-01,
       -7.1960091250321805416740587954473344E-01,
       -5.8848531570831083792548335834624532E-01,
       -4.0129470606327394322872914127299676E-01,
       -1.7087432549671207484851648357926307E-01,
        8.4931336836871897826119452787344193E-02,
        3.4446696317165767331572132059675519E-01,
        5.8435484656451665453436994291548452E-01,
        7.8214288753661148310442994498837862E-01,
        9.1940148718335276467296493091206498E-01,
        9.8722400300644893627296048394345621E-01];
ws2 = [
        2.0191227119223877898578963425458212E-02,
        4.1065081017998913328458572696553033E-02,
        5.0556514774789275690045721828848917E-02,
        4.7322595132812825638011984872027554E-02,
        3.2942439705510327674105040994716980E-02,
        1.3882021539236576441052019064566391E-02,
       -3.8426538580286377269543095333902402E-03,
        3.3589922244200435206524275043518694E-02,
        1.0009650760129935647118501014123977E-01,
        1.6085490018940861878465254657846446E-01,
        2.1138457679021560057478927768066741E-01,
        2.4646166543558334502214464053684213E-01,
        2.6150473373930626975026649834308481E-01,
        2.5362547920055737307415934302703735E-01,
        2.2235858614808074265625464832112617E-01,
        1.7007575950394275651921583971670391E-01,
        1.0270611528248304430741790899247027E-01,
        3.5224528433379298690092018270064191E-02];

xs3 = [
       -9.8691328587214057193886711950445089E-01,
       -9.3386419247730518404294464516339908E-01,
       -8.4923236805592835912366871636462557E-01,
       -7.4904872834425873416492307713531130E-01,
       -6.5191260171337254467903014851767667E-01,
       -5.7555433468284362407110202904654841E-01,
       -5.3356560333543177855092662117433593E-01,
       -5.2235919866572835026784323278220968E-01,
       -5.1885922826392186277038809336472598E-01,
       -4.4272827407564956077950368095957623E-01,
       -3.0128031920492693864330438415164442E-01,
       -1.0955787562942649682990317975987066E-01,
        1.1131415202451782554779592761991837E-01,
        3.3926129046356714406162368871424011E-01,
        5.5550758697766802153007094657919554E-01,
        7.4463955325558140832939124187366882E-01,
        8.9094543710539936254451170694396262E-01,
        9.7871470502600013775126893424478358E-01];
ws3 = [
        3.3256513677695209342898927203765631E-02,
        7.1123094468240762433906988983689167E-02,
        9.5410963569110737565750166555016032E-02,
        1.0179773595761268926605628292916593E-01,
        8.9466453160604221885753556557930332E-02,
        6.0785796691137395321799385316937450E-02,
        1.9717660786941849059402447560558763E-02,
       -1.5279691371112638504160379512458397E-02,
        5.1380389129095056849758566898074934E-02,
        1.1039925362374274719394880399616917E-01,
        1.6979190528640324935427560125565697E-01,
        2.1006039213308081410238355925745329E-01,
        2.2792001567549067350758184586860360E-01,
        2.2484048242064590055179221673160785E-01,
        2.0517429562262154336518251098738519E-01,
        1.7046471623513643463609404466430183E-01,
        1.1942754774900781115757841222647745E-01,
        5.4262475184545542909997062519664810E-02];

xs4 = [
       -9.8280339155702474459301319586203855E-01,
       -9.1208609221028847045478540611236924E-01,
       -7.9546429929689685393875057738734525E-01,
       -6.4956337195072152128439651558625102E-01,
       -4.9525623989036819352032175311863239E-01,
       -3.5465975126197314068396689324509527E-01,
       -2.4795550503094809810724299678823659E-01,
       -1.9019177986589675038638308694174366E-01,
       -1.8501345138652236171557657826485787E-01,
       -1.7376383040368394820336917600854480E-01,
       -1.1473941731709642368082320086979370E-01,
        1.0049205934540329126832033145040095E-03,
        1.6443379209676358820823369271106457E-01,
        3.5852417510633165304532066826539109E-01,
        5.6061202034430130994918334064744491E-01,
        7.4598089696872410080823566871545029E-01,
        8.9149515413265257632136853151525617E-01,
        9.7884635720626984118127938486381042E-01];
