function [xs,ws]=hqsuppquad10(inode)
%
%       This subroutine returns to the user special-purpose
%       quadratures. The quadrature number k (k=1,2,...,10) integrates
%       functions of the form
%       
%       f(x)=phi(x)+psi(x)*log(|x-x_k|)+1/(x-x_k)+1/(x-x_k)^2,   (1)
%       
%       with phi and psi polynomials of order 20, and x_k one of the
%       Gaussian nodes on the interval [-1,1] (in a 10-point quadrature)
%
%       approximate accuracy of the quadratures:
%
%       smooth, smooth x log - 15 digits ( 34 in extended precision )
%       hilbert - 14 digits ( 33 in extended precision calculations )
%       hypersingular - 11 digits ( 30 in extended precision calculations )
%
%       Input parameters: 
%
%       inode - the node number of 10-point Legendre quadrature
%
%       Output parameters:
%
%       xs - the nodes of the quadrature
%       ws - the weights of the quadrature
%
%       In this routine, all auxiliary quadratures have 22-points
%       
%

xs1 = [
       -9.9842331379122425907982230432082486E-01,
       -9.9274365718888447087439739079644120E-01,
       -9.8539622806760438059121255510051162E-01,
       -9.7882609381717034036784621147271085E-01,
       -9.7484431576452489570161056835760857E-01,
       -9.7330633042392940160553822573920863E-01,
       -9.7216958705037664058360633136372432E-01,
       -9.5201886583649846519534824740872984E-01,
       -9.0969445929406705720016164761107006E-01,
       -8.4176619552710082932192786441479910E-01,
       -7.4571983185870704482953961099175143E-01,
       -6.2074956733722918273624148969971406E-01,
       -4.6824399061302672313282172909699055E-01,
       -2.9195917818706207823277642857925522E-01,
       -9.7936621501844056434378805524003439E-02,
        1.0580532853054177835750022272535377E-01,
        3.0977460196287093274836290663827010E-01,
        5.0365905294823522931280927328135039E-01,
        6.7707454058360419530817242685955955E-01,
        8.2034326955323615397112282682215379E-01,
        9.2523630316397071980631310302180437E-01,
        9.8563186401016371103777337194279066E-01];
ws1 = [
        3.9029019208175703762604743214486016E-03,
        6.9714175395620474511630212786864456E-03,
        7.2988138961254392377465914370867866E-03,
        5.3590493143442704759171309231589017E-03,
        1.6031442685164684186936789434577856E-03,
       -2.1942104983911966968798045621019795E-03,
        1.1583689419235227669563122670641156E-02,
        3.0620402296343929066061218423671200E-02,
        5.4602389852937226602655896823733296E-02,
        8.1688276362005986278215468203024549E-02,
        1.1054651856498052928202575324206196E-01,
        1.3916535563990511863796657095877542E-01,
        1.6521835984614194654434269629858790E-01,
        1.8633913381752852005351844345911549E-01,
        2.0036109671021597534953266115319803E-01,
        2.0552976252203898305702424330085463E-01,
        2.0067747021874086903880674665645538E-01,
        1.8534760811094025930227966011092169E-01,
        1.5985788224445789989243472663862582E-01,
        1.2529717620130470013714560007350043E-01,
        8.3458581452657213100881502149481258E-02,
        3.6765180299591016724644597495615249E-02];

xs2 = [
       -9.9562365715738575570923122997192119E-01,
       -9.7821021840828367906034223451358778E-01,
       -9.5146220824293357667727551806844501E-01,
       -9.2145875625705275894735182707088133E-01,
       -8.9441034663462902634129935862708769E-01,
       -8.7528335373921232007968123319539142E-01,
       -8.6588293396975509187177109479623132E-01,
       -8.6559429796401064010026912685676885E-01,
       -8.5956236621876703914722297694326593E-01,
       -8.1974173099133356432960991163777811E-01,
       -7.4064976739023911079716615048326976E-01,
       -6.2398692304043766946014784554433435E-01,
       -4.7324143900255641291171435054354879E-01,
       -2.9414109532767987528137712764698831E-01,
       -9.4697254856321903614898613577977570E-02,
        1.1512960429508599623223598507436247E-01,
        3.2406653148124976147185371602243163E-01,
        5.2038746651766147629503382091803257E-01,
        6.9292634538640121507227587027580505E-01,
        8.3217787867190541197187949363020733E-01,
        9.3135172553222377188587240769643033E-01,
        9.8696846886506472004198711763855314E-01];
ws2 = [
        1.1079573785406880704301717825571590E-02,
        2.3005573970138419118568139616981602E-02,
        2.9448943674335356021948087641232773E-02,
        2.9499644710637512333290568610520670E-02,
        2.3721305295950120106825759617106376E-02,
        1.3845670347563237218647955447981822E-02,
        6.0159038512106755744641625925980054E-03,
       -2.7730521959904483875762456273883271E-03,
        1.9882559631588119196574677156183098E-02,
        5.9626245930029031978193792190974136E-02,
        9.8288193623008994094355788780588710E-02,
        1.3446381109289951663996803726293829E-01,
        1.6607316142714122720644216639468430E-01,
        1.9078652539467100925703865825366616E-01,
        2.0643027227765360759904971834963513E-01,
        2.1133013443131909637681740044531411E-01,
        2.0457235299985693833083815677966429E-01,
        1.8618992900740505557427827829482628E-01,
        1.5728518343423372360312247702358160E-01,
        1.2007409156045342880429820768157575E-01,
        7.7702341477642852511314404124733138E-02,
        3.3451634272845646137238091537030494E-02];

xs3 = [
       -9.9302374139395364577118590069224079E-01,
       -9.6445885114230690566872228151701515E-01,
       -9.1775732056586922633223370353481734E-01,
       -8.5997534696977237743912471775170904E-01,
       -7.9956393370990016190221129534694821E-01,
       -7.4508819487607095034883224287793576E-01,
       -7.0408868247785754768390584340332772E-01,
       -6.8161156532881497479513307283375155E-01,
       -6.8056377510924273096518815192969313E-01,
       -6.7226216192728736075196643038093314E-01,
       -6.2530093609995665346643410420773001E-01,
       -5.3534891443556366469405555211965307E-01,
       -4.1086215907997697298783065441064819E-01,
       -2.6344393180998274786345963431545231E-01,
       -1.0063693037435025406636783859081224E-01,
        7.8940259659980677644501755647491856E-02,
        2.7256991923644321385505225144846395E-01,
        4.6780778372386030526664190102932082E-01,
        6.4937967541595493487750025185033105E-01,
        8.0320457553059487462674670860770361E-01,
        9.1762936865989215257995840661581662E-01,
        9.8412073716622496088561494164775967E-01];
ws3 = [
        1.7761827266808477486878673641067768E-02,
        3.8626789747538791309632857009081012E-02,
        5.3578040098647764809772365600752781E-02,
        6.0555780173612868695831498686331499E-02,
        5.8820212222894274743216570549835648E-02,
        4.8856188943565501704629533468604618E-02,
        3.2102570843505647714562197598367744E-02,
        1.4545102110413891259092522378683127E-02,
       -4.7528957940003176910766629451880135E-03,
        2.3473526338736703283690134159706213E-02,
        6.9500032260117192041644133773202921E-02,
        1.0899330156772776923935158303327997E-01,
        1.3792232390120362769518961276129497E-01,
        1.5547519276955130327659237428106963E-01,
        1.7072176957504988761486624034935547E-01,
        1.8805838670772293502431177874507678E-01,
        1.9696180538171100740990365481355819E-01,
        1.9091278335947875787391220655635060E-01,
        1.6986828733236156143079239940080619E-01,
        1.3582838421451243015215093150795481E-01,
        9.1588025312283660515398626734847495E-02,
        4.0602565666556264409656767895960580E-02];

